Camera:
Intrinsic:：
1930.33547372191        0                             965.865196533030
0                       1929.61869661896              565.118426147277
0                       0                             1
Distcoeff:：
-0.542839716456304 0.319373567687993 -0.132538841670150
Extrinsic:：
Lidar_To_Camera: 
0.0655953057593969     -0.997803484087253        -0.00924462036382940      0.0244135239073858
0.0415519193873180      0.0119879138408506       -0.999064426309422        0.126538859535614                    
0.996980789111586       0.0651498047969787        0.0422470008089864       0.0193244422572479
 0                      0                         0                        1
